38
276
775
270
279
272
702
196
692
12
334
505
142
40
140
164
416
235
733
4
629
474
772
701
277
162
738
665
23
48
751
95
575
148
25
251
282
333
327
234
131
121
551
486
696
778
433
94
30
648
284
241
471
754
215
182
715
46
15
428
89
190
657
310
219
436
747
630
356
304
515
309
611
693
743
689
300
298
588
577
293
703
647
642
742
591
179
376
523
184
110
246
177
475
410
473
19
106
780
92
608
157
316
606
729
531
593
483
67
667
280
44
27
618
644
124
163
430
464
421
213
459
711
578
339
739
695
708
671
399
547
214
719
413
709
21
542
111
90
314
435
365
527
373
91
468
619
3
244
441
64
497
646
666
114
669
546
663
209
394
266
223
53
607
183
680
97
451
45
602
759
367
210
423
732
323
457
450
72
482
566
320
544
330
100
374
189
530
755
553
364
84
736
704
239
269
620
205
54
437
422
192
487
427
724
9
173
492
412
726
147
6
503
357
506
652
199
178
728
476
31
686
502
526
28
128
700
600
63
654
371
255
170
368
286
135
493
396
400
763
171
127
194
116
380
39
590
681
438
521
248
662
17
513
670
384
722
389
572
328
185
737
253
592
753
145
354
122
11
627
336
113
352
52
288
265
168
186
79
137
447
676
405
746
62
77
169
1
773
388
216
285
73
126
518
574
718
257
202
370
637
136
768
417
57
109
201
355
643
299
679
307
675
358
752
585
398
491
134
411
707
408
395
80
197
385
61
678
331
745
55
296
641
418
221
324
308
96
118
714
594
101
386
146
233
375
727
297
381
579
645
536
735
59
35
141
104
522
688
500
217
295
138
337
621
301
82
589
580
68
366
69
779
587
569
534
115
160
424
7
443
16
129
769
362
426
634
167
583
697
