279
702
270
334
276
38
12
250
363
196
692
586
775
230
40
629
51
140
463
567
416
677
120
345
277
738
460
564
327
148
131
575
95
25
121
558
251
23
26
477
661
282
696
778
601
516
46
220
754
182
215
648
241
490
249
511
30
94
89
655
428
383
310
436
219
458
258
190
687
203
734
305
356
609
588
432
300
274
32
309
304
764
184
105
731
632
756
591
231
13
92
473
19
318
256
110
106
610
475
410
326
316
280
157
67
172
455
524
531
593
149
431
434
180
464
461
163
213
618
656
445
312
44
130
721
452
339
695
720
90
236
191
314
413
133
218
175
440
399
21
653
204
619
64
107
93
244
344
497
767
441
3
223
774
394
666
546
535
646
209
155
390
698
53
210
153
367
45
607
539
294
494
759
323
208
72
568
528
699
403
292
423
340
672
364
330
496
374
659
239
321
84
755
232
544
553
487
765
448
54
50
154
247
770
576
465
9
612
504
525
2
565
603
372
117
252
31
605
478
506
728
658
261
371
28
526
710
98
63
255
616
638
200
135
493
396
674
598
170
194
368
456
400
380
181
590
127
242
681
513
549
691
311
188
17
572
384
446
20
33
253
319
407
145
472
499
717
540
737
741
186
288
278
52
137
315
676
123
168
554
265
447
77
626
561
518
329
746
37
773
271
169
73
488
285
267
281
257
718
417
637
748
480
353
307
679
201
151
675
382
57
358
342
585
355
614
259
408
491
302
395
613
385
80
479
411
641
324
55
96
296
745
404
338
61
143
331
42
418
594
297
262
99
36
532
291
381
212
101
579
375
536
359
500
35
758
78
541
141
59
392
337
301
366
559
295
777
589
545
621
229
489
237
462
228
587
682
779
749
443
529
534
771
537
167
426
361
129
548
615
