12
276
279
581
250
505
112
270
775
196
348
38
363
74
156
649
235
164
463
567
454
733
772
738
564
509
599
481
95
234
327
148
282
558
751
661
23
131
251
477
48
121
551
651
159
467
284
241
94
144
715
249
46
754
433
215
139
387
152
655
310
15
76
89
258
436
190
657
379
432
298
609
693
689
588
304
687
750
300
743
305
731
647
756
231
83
224
184
523
632
92
683
473
475
246
87
88
449
256
610
780
524
47
455
149
157
429
243
280
593
316
180
213
656
711
459
644
124
464
312
27
332
421
264
705
708
562
695
350
519
719
547
401
218
236
413
133
314
21
191
527
344
441
107
238
373
244
468
64
3
653
767
774
646
663
263
209
535
341
155
125
390
346
53
539
153
759
367
45
97
183
254
210
740
528
292
403
208
450
566
699
732
364
755
510
268
496
553
530
84
704
100
672
736
189
330
427
713
50
724
770
192
765
437
533
198
465
612
603
525
173
565
503
372
502
476
506
178
261
199
686
252
393
700
371
638
526
596
625
654
63
245
135
590
181
351
286
317
493
170
171
200
396
66
674
400
380
662
389
33
188
20
484
17
681
691
384
521
660
722
592
185
70
11
685
122
472
499
253
265
315
278
554
186
741
288
664
123
113
706
447
676
126
216
285
561
329
488
37
405
388
626
746
169
77
136
495
202
718
353
637
748
640
257
307
57
259
151
303
109
342
299
382
355
201
398
675
302
668
408
707
491
766
134
349
613
143
404
338
331
221
42
118
418
635
324
55
641
96
375
233
579
532
297
262
645
594
727
36
714
291
101
500
758
359
78
688
560
673
377
414
589
301
559
229
508
295
226
545
138
337
69
749
24
597
237
529
290
587
160
569
391
41
206
583
555
362
548
225
537
