196
276
250
272
702
334
581
270
112
142
348
692
363
235
649
40
164
454
120
397
156
416
51
563
509
571
564
573
282
95
751
333
558
121
661
327
25
575
234
283
48
131
275
486
159
778
215
628
490
284
220
30
144
511
387
46
249
241
383
428
458
258
655
76
630
690
195
219
687
300
379
743
203
609
132
293
32
693
734
356
309
694
647
322
83
731
756
742
231
105
683
608
88
177
475
610
19
473
744
106
449
667
316
18
280
593
483
429
8
729
524
86
166
27
430
332
44
163
213
618
312
464
180
695
161
350
130
578
562
719
90
314
75
111
399
133
175
519
218
21
244
373
468
767
497
238
64
93
441
107
204
91
60
223
663
155
535
439
378
390
646
266
494
183
607
97
367
451
346
153
294
210
602
699
457
423
528
227
762
292
406
566
496
321
736
369
193
544
269
755
553
239
659
510
84
704
65
437
50
576
154
335
620
247
422
6
726
147
34
525
712
287
565
728
652
605
103
478
252
502
476
199
0
700
98
313
654
453
466
600
625
28
380
763
396
590
66
200
127
456
181
116
194
493
170
286
317
242
20
56
513
311
691
384
521
660
188
402
776
662
354
407
145
319
472
595
185
253
540
336
288
447
664
676
186
123
315
137
113
265
706
554
518
488
388
271
405
626
561
176
746
37
285
77
773
574
640
480
353
417
495
10
768
730
151
614
307
303
675
752
109
201
259
273
342
57
355
444
197
385
485
766
707
80
302
343
55
143
221
96
61
419
108
745
296
678
418
641
118
375
579
212
36
532
645
146
233
727
99
594
297
381
560
217
78
104
758
522
59
673
500
589
226
295
508
777
425
301
621
366
68
529
24
779
489
290
160
69
587
569
16
749
548
771
583
361
634
426
362
555
