757
279
142
12
775
38
112
196
505
581
272
334
270
397
235
567
677
454
120
4
140
733
156
260
22
481
738
517
26
283
23
234
25
282
121
148
751
327
575
661
48
477
467
778
651
275
220
471
215
628
433
648
511
46
30
241
182
284
690
747
436
570
89
15
258
152
657
190
609
305
274
611
300
356
693
132
293
750
304
734
743
13
642
376
703
632
179
105
83
523
326
19
318
449
473
780
744
475
87
88
410
667
280
593
8
524
316
725
67
172
47
604
124
656
332
421
711
434
213
445
622
180
44
130
264
739
350
721
562
236
547
413
218
191
709
314
75
542
21
519
3
244
64
365
653
619
344
119
91
497
767
93
125
663
669
223
546
394
209
535
60
155
552
494
14
97
153
294
759
346
45
539
602
450
323
740
699
208
423
568
227
292
268
659
100
544
321
736
553
330
193
232
510
496
189
672
192
724
770
205
247
765
620
50
174
465
147
173
612
34
726
565
2
117
478
728
393
605
506
31
178
652
252
63
313
255
625
638
29
453
596
466
194
116
66
39
200
493
396
351
368
170
171
181
127
400
380
384
572
662
549
33
389
56
311
776
158
670
681
722
319
289
472
122
737
354
753
540
407
336
741
676
315
113
664
186
447
288
52
79
265
137
561
746
388
518
773
405
216
169
329
77
271
488
1
768
353
202
10
637
730
501
480
574
57
273
752
299
303
614
151
585
398
355
358
342
382
479
613
444
395
343
385
134
81
80
96
404
42
108
331
61
324
55
745
338
419
118
296
532
233
381
101
99
645
36
594
291
375
536
579
714
392
758
141
522
377
414
735
673
35
226
559
337
580
295
777
508
240
68
366
424
489
160
347
597
228
115
69
587
779
290
43
409
225
769
537
362
583
548
