272
334
196
505
363
757
279
581
586
348
276
142
692
164
649
772
474
567
397
4
469
51
230
22
563
162
277
599
558
477
251
282
751
283
327
48
25
131
95
148
121
575
516
187
159
514
648
284
754
215
490
249
144
94
471
387
433
182
190
690
310
657
258
15
570
76
89
383
305
293
588
611
309
150
132
298
274
577
356
304
687
764
694
322
179
105
224
642
731
742
246
19
326
410
318
110
92
106
683
780
449
483
524
67
593
157
606
667
8
455
316
312
656
604
86
180
166
618
622
644
430
461
27
633
130
739
578
556
306
440
218
90
75
401
709
21
399
214
191
133
619
91
435
653
344
497
373
3
468
527
119
238
209
546
439
669
535
646
125
60
390
263
210
539
552
698
451
602
680
153
183
53
607
72
208
5
292
482
450
568
528
732
189
269
755
496
374
659
369
232
639
321
736
100
84
510
427
247
765
724
192
770
50
576
422
726
492
287
498
412
603
525
173
357
728
652
261
0
478
476
178
103
686
616
638
654
255
466
526
245
63
600
171
66
763
400
380
127
351
317
170
194
493
135
456
590
674
681
56
248
722
158
662
549
242
691
20
328
776
484
737
685
717
540
595
122
499
185
470
554
52
627
352
123
664
741
278
113
676
447
336
168
626
518
271
77
62
746
1
176
73
169
388
405
285
718
501
136
267
257
640
370
480
49
109
398
355
303
643
307
273
342
585
675
57
151
358
58
81
197
766
349
491
134
343
444
61
404
641
108
331
678
635
745
221
143
418
55
324
386
579
291
262
536
233
645
212
714
594
297
532
99
325
141
735
78
59
560
359
758
414
229
301
425
366
777
623
82
621
559
557
391
597
534
529
749
443
347
115
24
682
569
41
769
361
167
512
43
771
583
