12
775
112
348
142
250
702
196
581
270
757
505
334
235
164
51
469
4
733
677
772
397
416
517
563
650
345
481
661
716
575
477
95
333
23
25
121
234
26
558
148
251
778
516
723
467
628
648
94
30
144
241
754
511
139
220
46
182
655
15
258
76
190
747
219
195
690
630
750
577
588
293
32
611
515
609
379
132
309
693
304
756
13
632
224
703
642
764
231
184
87
326
410
106
110
318
780
744
256
449
246
149
157
243
524
280
593
606
172
429
67
332
656
71
604
180
166
445
711
421
27
86
124
671
695
543
633
578
442
413
218
519
111
75
719
401
214
314
399
440
767
238
441
107
497
204
93
64
3
653
435
244
378
546
774
155
439
663
535
341
266
394
14
607
552
254
698
539
759
53
45
346
602
699
423
406
732
165
208
320
450
5
530
193
538
84
330
544
639
364
659
232
510
239
704
189
765
205
533
620
54
247
713
192
154
34
412
173
498
565
2
465
147
31
506
252
393
476
199
261
728
178
658
600
28
313
638
466
29
98
371
700
181
674
135
171
400
116
194
598
380
39
590
170
66
127
317
384
584
776
222
572
662
17
670
20
691
513
484
248
354
499
685
289
595
737
753
407
319
123
137
447
664
554
278
352
186
288
315
627
52
336
1
176
77
746
561
329
62
388
216
405
126
271
773
370
574
136
501
718
257
417
495
202
752
201
382
355
585
303
614
151
675
398
643
57
679
707
134
668
485
81
479
385
491
197
419
296
143
55
635
324
108
338
308
641
221
745
678
212
101
297
146
532
594
360
645
381
727
714
375
262
141
688
325
414
582
359
78
217
522
295
508
425
301
138
240
621
229
589
623
160
760
462
529
569
749
391
779
682
443
587
697
361
769
512
537
43
129
409
