196
272
581
270
276
702
775
112
692
348
363
12
279
474
74
40
463
120
51
629
772
454
164
509
563
415
564
481
26
251
121
48
575
148
327
751
661
283
333
23
25
716
514
467
187
778
144
220
511
182
490
94
284
215
46
715
387
241
690
657
190
258
436
428
219
630
458
89
734
577
611
32
588
432
300
305
693
356
687
293
274
632
184
694
731
231
322
642
83
764
744
246
683
92
87
19
106
473
256
608
410
606
18
243
280
149
8
157
316
47
429
461
644
44
163
711
312
431
445
166
464
459
180
695
562
705
671
161
739
542
75
314
401
214
719
547
709
133
175
191
468
497
244
204
527
107
119
767
373
91
520
653
378
60
266
125
155
535
439
209
341
669
451
367
552
97
607
153
14
254
602
698
183
165
5
323
208
699
403
227
732
320
100
269
553
704
659
510
672
321
84
544
369
736
232
330
192
770
65
437
533
154
50
724
713
2
412
603
525
147
712
6
503
252
103
476
199
728
605
357
658
393
117
255
63
700
28
638
625
654
453
128
674
39
368
66
127
493
194
456
400
181
351
135
380
116
171
549
188
660
222
56
248
776
670
484
389
20
33
311
70
592
737
685
253
472
540
717
122
315
336
52
554
123
352
627
706
664
741
79
265
186
37
488
62
216
169
285
626
1
73
405
561
77
176
718
202
480
730
281
417
353
49
637
307
57
752
299
679
358
355
259
614
585
109
675
273
197
485
385
411
668
479
444
134
349
42
635
338
418
61
221
143
419
296
108
324
678
641
297
212
101
291
579
99
360
146
233
645
36
381
727
541
377
582
560
325
35
359
78
392
82
366
508
229
777
337
580
589
559
557
237
290
760
85
160
347
443
749
462
587
24
769
41
697
537
548
167
129
409
