12
250
142
586
505
757
775
363
112
334
348
276
279
636
230
733
629
454
649
397
4
51
164
563
509
573
162
415
25
716
26
282
283
23
558
148
251
131
234
121
327
477
624
723
551
420
215
490
241
220
433
46
94
715
284
648
387
182
657
190
15
195
570
436
152
684
655
76
689
687
356
300
132
203
298
588
693
32
309
577
515
591
764
322
642
184
83
742
647
731
106
473
608
110
610
475
326
410
87
177
19
593
47
729
606
429
172
280
67
243
667
86
434
461
44
124
445
312
711
207
622
71
213
161
306
721
671
739
578
191
314
401
133
175
709
719
236
111
542
21
373
107
767
365
619
441
119
468
520
204
435
64
341
663
60
535
378
390
774
155
646
666
210
451
607
539
680
552
494
602
153
759
14
5
406
72
323
102
482
208
740
566
672
704
510
369
364
321
340
100
530
193
189
84
374
736
576
335
205
65
713
174
54
422
448
287
2
525
147
492
503
712
498
605
252
117
686
506
393
658
178
103
652
453
98
29
596
128
654
526
63
28
194
171
396
380
493
39
116
181
674
317
598
351
456
286
763
484
521
56
776
328
311
584
681
572
248
17
158
691
470
253
319
70
122
407
717
595
540
113
315
447
627
79
288
278
168
706
123
265
676
336
73
216
488
773
561
746
77
126
176
1
388
62
271
49
718
637
370
730
640
768
267
136
382
57
398
259
273
151
355
342
299
109
752
201
679
411
58
766
134
479
343
349
385
485
108
331
404
42
96
419
118
641
745
61
418
678
55
386
645
714
579
360
233
532
536
727
297
381
594
146
582
735
359
35
217
500
104
325
78
337
589
68
301
580
545
621
295
425
559
424
682
489
237
462
749
534
391
115
569
7
548
512
225
769
362
537
206
615
