348
272
196
363
38
270
12
279
586
702
276
505
142
74
4
567
156
469
230
636
463
235
454
573
507
599
665
481
327
716
95
26
661
25
131
558
575
477
23
48
282
751
514
696
617
211
433
139
387
648
220
249
511
215
241
30
471
754
190
684
310
258
690
195
152
219
436
15
750
515
32
309
609
734
132
432
304
300
577
687
203
642
13
322
83
756
591
694
523
731
256
110
610
246
744
177
608
410
449
473
683
243
8
455
483
280
531
316
18
157
725
421
711
604
163
86
312
644
213
464
332
461
431
695
705
578
721
350
633
90
21
709
75
214
440
236
133
191
519
401
64
653
244
107
520
497
3
619
527
365
441
344
535
646
209
125
774
266
546
263
60
155
494
680
698
607
602
210
53
153
97
759
14
423
292
320
568
403
450
566
323
732
239
374
736
193
704
268
84
659
100
496
538
510
672
530
205
770
154
576
620
192
448
54
247
9
198
504
565
492
34
6
2
476
117
261
728
103
0
502
199
252
31
128
245
255
710
63
29
371
98
596
286
171
763
368
194
317
351
39
116
135
456
590
493
598
200
158
446
681
722
438
660
20
188
311
662
521
484
17
592
499
185
253
289
472
70
753
354
741
278
123
186
447
288
113
315
79
706
664
554
336
169
746
561
388
126
773
329
626
216
1
176
285
73
257
281
748
267
370
637
10
495
480
355
307
57
259
358
273
299
398
679
342
585
643
675
349
485
479
444
613
707
385
411
197
221
635
108
418
118
324
678
338
641
55
308
404
61
579
375
101
233
381
536
99
297
594
532
262
360
212
217
688
325
59
560
735
35
104
758
138
68
337
240
557
229
621
301
580
623
391
760
24
290
489
237
424
228
534
115
597
362
225
361
615
426
697
167
537
