757
586
38
348
692
334
505
581
142
775
196
112
279
120
156
397
469
733
463
51
636
164
416
701
507
162
517
22
26
575
251
121
333
282
283
558
95
48
148
477
661
234
514
516
486
624
754
471
182
94
490
30
511
648
220
284
249
628
219
570
458
657
655
383
152
195
428
630
309
298
305
132
304
203
687
150
274
356
734
577
743
731
591
376
224
703
13
83
322
764
608
92
449
110
318
177
410
610
780
473
744
316
593
157
243
172
483
67
280
531
18
445
656
644
166
618
461
459
163
464
124
213
430
578
695
339
543
633
705
519
175
191
314
413
440
218
21
401
542
547
238
497
435
619
468
344
107
244
653
204
64
365
378
60
155
209
666
114
266
669
390
646
539
607
451
367
552
45
53
254
183
602
14
699
566
292
482
528
406
457
5
208
330
672
189
374
232
269
553
364
510
538
340
496
659
268
54
620
247
487
765
335
724
65
427
412
147
287
6
612
465
525
504
103
476
261
393
178
658
605
199
0
686
371
600
28
616
453
245
638
710
29
317
170
400
39
286
66
135
380
351
456
590
396
194
181
493
56
222
242
484
572
311
584
33
681
446
670
384
158
122
319
685
753
289
354
470
472
595
676
52
352
113
79
447
265
664
186
706
554
336
627
285
77
388
746
1
626
518
176
169
73
329
488
37
730
257
637
574
281
417
748
370
202
342
109
299
273
679
303
57
614
307
643
752
259
675
197
485
343
408
613
491
80
395
411
221
55
745
296
404
118
61
641
419
418
143
308
678
262
99
386
727
579
36
381
297
212
233
536
360
645
673
560
735
522
78
104
217
141
377
295
623
559
240
138
226
82
229
508
545
529
443
290
228
489
7
347
115
587
85
424
426
771
167
225
512
129
409
548
