348
250
142
775
112
581
196
334
757
505
270
363
702
649
4
629
454
156
733
140
235
636
474
277
665
415
564
460
283
751
282
95
48
26
575
716
131
148
477
558
234
661
617
275
761
211
628
433
30
754
715
387
471
648
94
144
215
220
190
655
258
657
458
630
690
15
76
436
203
577
432
750
379
609
293
132
32
611
274
689
305
756
523
376
105
179
231
322
184
224
87
177
110
780
410
246
326
473
88
475
683
47
483
429
18
593
524
243
725
157
280
213
27
207
464
461
431
434
332
622
445
124
163
633
130
306
339
264
705
709
90
440
133
542
175
547
218
75
719
401
373
497
91
619
767
204
527
244
93
653
119
344
394
155
60
209
223
125
535
669
341
439
53
552
183
346
494
153
367
680
294
607
45
165
699
406
102
227
740
528
457
292
369
755
84
239
100
704
193
321
553
736
639
374
544
496
765
205
422
65
533
576
335
192
427
6
287
612
9
412
712
504
34
652
506
103
0
393
372
178
686
478
605
710
638
371
596
654
625
98
255
453
170
493
590
456
135
400
39
286
674
380
598
194
351
396
66
722
670
33
776
572
691
521
389
402
438
248
328
56
472
122
499
737
11
354
592
70
717
52
288
168
741
352
676
186
336
447
554
627
123
315
329
1
626
62
126
405
73
488
746
271
561
77
518
370
748
417
640
202
136
480
768
501
307
201
259
303
342
675
299
752
614
679
109
151
358
707
58
349
613
444
479
766
485
411
308
641
678
55
296
745
404
108
143
96
635
221
419
212
727
360
36
297
101
262
645
579
386
536
594
291
325
688
35
560
414
500
735
217
758
301
425
337
366
623
777
621
240
508
295
424
7
24
228
534
160
443
760
597
69
237
555
361
769
771
362
426
537
225
