276
702
142
272
112
38
581
775
348
505
334
270
12
567
156
51
416
474
120
454
469
463
235
517
573
564
650
507
751
575
716
148
25
333
283
234
131
95
48
121
558
26
624
551
723
631
715
754
139
284
628
241
511
648
215
144
490
387
630
570
747
428
310
258
219
690
657
436
379
203
356
293
734
432
515
687
588
693
609
304
750
523
632
764
642
105
756
13
731
322
475
88
683
19
608
780
610
177
410
246
318
8
47
524
149
606
18
157
483
593
316
644
71
163
604
445
27
464
618
459
421
207
86
633
161
339
739
350
671
547
111
519
191
314
218
413
90
175
401
709
365
520
93
244
119
767
204
107
619
441
653
497
266
114
663
209
155
666
774
390
125
341
759
53
346
539
698
552
14
254
367
183
602
323
165
292
568
208
406
102
762
699
510
193
232
553
100
340
364
538
239
544
736
496
268
639
448
724
335
247
770
50
174
65
154
2
612
287
492
173
198
726
565
261
605
393
728
199
478
372
0
686
103
255
313
63
245
625
638
600
616
453
181
66
171
351
380
590
674
39
396
368
170
763
598
456
135
56
242
572
446
402
513
521
660
222
670
681
311
188
122
592
685
472
737
470
595
253
753
288
336
664
123
741
113
168
554
79
186
265
137
676
626
176
169
62
561
37
518
773
405
285
77
329
73
10
768
370
748
718
49
136
637
640
355
358
151
109
303
643
299
752
57
201
675
342
614
302
80
668
197
613
444
411
134
479
143
678
635
404
641
419
118
745
42
296
308
331
418
386
291
262
360
233
714
36
375
381
536
532
101
594
560
582
500
325
377
59
688
104
541
68
240
82
621
559
226
589
425
580
337
489
760
290
160
424
347
69
587
534
237
597
537
615
512
769
361
167
555
225
