272
692
757
270
363
279
38
12
581
702
775
250
586
454
397
474
649
156
140
235
463
51
567
415
162
22
564
563
95
751
575
716
251
327
477
26
283
148
121
48
558
333
514
723
187
550
387
511
628
490
754
215
433
30
144
471
648
220
630
383
690
436
152
15
76
195
684
310
609
309
577
743
693
132
300
689
750
150
611
304
32
231
731
694
376
764
523
632
647
642
744
318
87
256
88
106
410
780
92
608
110
149
316
8
67
18
667
483
243
280
606
604
618
464
86
207
166
332
711
44
312
434
71
264
708
671
452
739
442
191
175
547
218
90
236
399
214
21
314
709
119
365
107
619
3
204
373
767
91
244
435
527
209
390
439
223
646
266
535
774
663
378
367
183
346
153
53
698
602
552
451
45
680
732
740
227
165
292
102
5
568
457
321
538
496
84
510
553
239
232
369
189
544
330
268
672
205
448
487
770
50
174
247
437
713
198
498
503
492
726
565
603
712
476
252
261
506
478
357
728
658
502
31
600
245
654
63
28
700
98
710
625
317
396
380
200
66
590
400
116
39
170
135
368
181
286
763
572
670
17
438
384
776
248
33
20
549
681
691
446
354
592
685
319
145
737
253
122
595
336
315
123
554
265
137
288
186
168
706
79
278
447
405
271
626
561
746
773
1
77
126
329
518
37
169
49
640
748
637
574
267
730
370
281
752
259
643
585
342
273
151
382
299
201
307
57
675
411
485
80
444
408
491
385
707
668
61
678
55
641
296
221
308
338
118
419
745
404
635
579
727
381
360
262
101
386
536
233
714
99
36
297
104
500
141
217
560
414
59
392
359
557
366
623
508
301
580
337
226
82
621
749
587
347
85
237
443
682
424
290
228
569
361
634
426
537
583
409
555
41
