505
581
279
334
12
586
196
348
692
38
270
112
757
4
156
469
463
74
649
140
772
120
474
650
162
509
260
701
477
558
121
575
131
283
26
95
25
282
333
327
234
251
211
420
550
617
46
215
628
241
182
754
715
284
511
144
249
387
152
383
89
570
310
258
195
458
15
690
203
309
356
609
577
305
32
693
379
734
298
750
515
742
703
591
184
105
632
179
83
642
683
246
473
318
780
106
177
410
92
608
449
531
524
729
157
483
280
47
18
67
316
421
431
163
124
711
464
430
180
213
644
332
166
130
633
578
695
562
442
21
90
542
413
175
214
519
440
719
75
709
64
244
3
107
527
238
365
93
619
119
204
435
125
774
378
669
535
666
155
394
390
546
346
210
759
97
45
680
367
183
494
451
552
450
457
165
323
732
72
208
292
528
330
100
239
538
269
510
659
496
553
193
374
268
340
84
724
713
620
154
65
487
770
192
335
503
6
504
612
2
712
287
498
357
103
506
478
117
502
31
728
658
178
596
28
98
313
128
371
638
29
245
200
396
493
66
456
194
170
380
674
135
598
763
317
127
400
384
328
662
20
402
389
248
242
188
660
438
484
681
595
753
472
289
540
185
592
470
685
664
676
336
113
288
706
278
554
352
186
79
627
123
37
285
388
746
773
626
176
561
126
62
77
216
73
267
49
281
501
640
748
718
495
370
57
303
259
752
151
299
382
614
675
398
342
307
643
134
349
491
444
58
668
80
707
408
96
118
331
419
678
404
635
745
324
418
143
338
108
262
594
360
386
536
381
727
714
645
36
212
532
99
59
500
541
392
104
78
688
673
377
425
229
589
559
337
226
557
68
621
508
489
462
569
69
424
587
115
24
682
529
85
771
409
615
769
361
129
362
225
