279
270
505
363
757
12
702
586
196
272
142
276
692
4
51
235
733
463
677
469
74
40
416
701
599
517
22
162
95
121
25
283
23
234
333
148
477
48
282
716
131
26
516
624
696
631
94
754
220
471
648
182
387
284
249
715
139
511
436
310
89
655
690
190
258
195
570
657
203
687
693
609
577
32
743
293
300
515
750
356
305
224
179
632
764
322
742
694
13
756
106
475
256
88
473
19
326
110
92
410
610
172
429
157
531
243
455
524
593
606
47
312
86
163
618
213
434
464
644
44
27
71
445
350
578
708
739
161
442
542
90
401
440
547
709
218
75
314
719
111
64
238
107
527
93
91
365
3
373
653
520
435
209
114
125
546
341
394
669
663
535
390
45
451
367
153
346
183
210
14
539
494
254
72
406
699
165
482
732
323
457
403
340
510
232
538
374
704
268
496
364
672
369
239
189
193
192
65
247
713
437
576
620
422
427
2
287
726
498
465
9
612
492
117
357
476
199
252
502
658
0
103
605
28
616
313
526
255
29
245
654
600
194
674
200
135
39
171
317
456
170
493
181
590
116
763
380
776
446
248
484
722
222
56
158
521
328
670
549
402
470
319
737
540
592
685
595
717
11
123
627
554
447
113
168
706
186
278
265
315
52
137
405
77
271
773
37
216
329
73
488
561
126
62
746
574
768
718
353
501
281
10
640
637
273
307
151
201
382
398
752
614
109
643
303
259
299
58
444
81
302
668
395
134
485
491
641
745
118
419
96
55
42
221
678
338
331
108
61
233
645
727
99
536
291
360
381
36
579
714
101
146
735
141
377
414
217
359
500
35
325
777
82
425
557
301
68
545
240
229
295
237
391
424
760
779
534
489
7
462
290
587
206
225
634
771
615
548
537
167
