581
142
757
112
279
334
363
348
775
272
12
38
505
74
733
474
636
397
140
230
164
454
235
665
573
481
564
460
251
333
283
121
48
234
148
558
716
661
327
26
23
575
187
761
778
551
433
220
754
182
648
387
490
511
30
471
715
215
383
657
258
152
458
747
630
570
219
15
203
734
750
293
693
515
356
379
309
32
588
274
132
642
764
756
322
376
742
703
591
231
106
326
744
608
88
256
683
19
473
110
318
47
729
67
483
667
606
455
157
172
593
618
44
180
207
434
312
644
86
604
163
124
421
264
130
705
578
442
671
236
413
75
401
709
218
175
719
440
314
214
64
119
619
204
365
767
107
373
238
520
441
3
209
546
114
669
439
263
341
535
663
125
607
254
153
53
97
759
539
552
210
698
45
566
320
323
482
457
732
699
227
406
321
369
672
538
84
544
239
510
755
659
189
704
736
100
50
205
487
174
65
448
427
247
422
603
287
2
147
498
9
503
465
31
0
652
261
658
117
252
178
372
686
654
245
453
625
371
638
710
128
616
135
456
400
181
380
598
674
317
39
351
396
170
493
286
590
446
776
662
384
56
513
691
328
670
521
158
572
20
253
470
70
499
185
737
592
753
540
288
447
168
265
315
113
52
706
627
123
664
554
741
176
329
388
62
773
488
626
561
518
1
271
126
169
574
637
267
730
257
501
417
768
495
151
614
109
342
303
259
675
355
398
679
307
643
358
349
479
408
81
343
302
411
444
613
418
745
419
635
108
296
338
324
61
42
55
308
96
146
99
291
101
714
297
360
381
645
594
36
212
536
414
560
688
500
522
78
392
104
735
580
226
425
777
559
623
621
229
138
366
779
237
749
228
85
347
391
115
760
443
682
537
548
555
409
43
129
697
634
