348
38
276
12
270
757
363
775
112
586
334
702
279
235
469
230
397
120
463
636
677
629
474
415
22
277
738
460
95
121
25
283
333
751
661
23
558
26
48
716
251
234
550
211
516
275
628
715
94
182
284
220
215
490
387
139
144
648
458
690
89
630
190
428
152
258
76
195
432
743
293
274
750
305
309
693
203
298
588
609
304
703
523
647
224
184
231
376
105
179
88
318
106
473
246
19
744
177
256
608
87
429
593
455
67
667
483
8
157
316
524
27
213
180
459
44
312
431
332
618
464
622
656
695
578
452
130
264
633
709
519
399
314
719
542
111
214
236
75
401
3
619
373
344
527
119
520
653
365
64
497
238
223
60
666
209
646
155
341
774
669
439
254
183
53
153
602
97
494
759
680
451
14
165
5
292
208
320
732
699
528
482
369
321
189
538
639
510
755
232
100
84
672
374
496
340
427
437
422
620
576
154
765
335
54
712
612
147
503
726
504
6
9
393
728
605
31
357
0
478
658
117
652
371
245
638
28
625
654
128
466
29
286
200
598
39
380
368
135
170
116
396
400
590
317
493
171
188
521
446
158
484
17
549
328
584
402
660
722
572
472
470
70
737
319
717
253
753
145
554
676
352
288
741
627
706
336
137
447
79
123
664
62
176
1
216
126
561
73
37
77
285
518
626
746
480
495
501
370
417
281
10
202
574
307
201
299
585
259
109
679
614
752
303
151
382
398
485
343
411
302
707
134
385
80
444
308
221
419
404
55
635
108
143
678
418
324
61
42
36
579
262
233
291
99
212
297
375
146
727
594
645
582
560
104
500
688
359
758
735
78
425
777
545
559
508
366
580
337
226
68
462
347
443
69
16
290
489
779
391
682
237
225
362
771
548
537
615
41
634
