112
196
12
348
334
142
279
775
586
505
757
272
702
677
164
636
40
629
74
649
733
4
416
738
415
460
564
563
558
661
234
282
148
95
23
25
283
121
251
26
477
48
624
550
486
778
628
284
249
715
30
144
215
241
182
433
94
511
76
258
655
690
458
747
383
428
310
630
687
293
298
309
32
689
379
300
203
577
304
356
305
756
523
184
742
13
231
179
632
764
610
318
410
683
19
449
744
473
475
256
608
157
667
67
280
8
531
725
524
18
172
461
445
166
464
711
86
434
163
644
618
431
207
720
739
264
721
695
633
175
191
401
519
75
709
547
214
218
399
413
365
767
119
93
441
520
91
238
527
107
497
64
125
209
263
378
669
60
774
663
394
155
451
607
494
97
346
367
14
53
539
759
210
482
450
699
566
403
165
292
732
568
364
374
340
330
510
496
100
84
553
672
268
538
736
369
713
576
487
54
724
770
427
65
422
504
412
712
2
6
173
9
726
178
261
199
605
31
103
117
728
502
393
98
28
466
596
29
128
700
313
625
170
351
200
127
39
598
396
135
590
674
116
181
194
66
400
384
222
662
691
681
33
484
20
446
158
402
311
389
185
737
470
407
319
354
595
145
753
278
741
447
676
288
113
265
315
554
168
79
123
137
169
518
388
746
271
216
773
176
329
126
73
626
1
10
202
637
267
718
136
480
495
730
201
109
303
342
585
382
643
151
679
614
355
398
259
197
411
408
343
80
385
766
58
479
61
404
418
338
331
221
42
108
324
678
296
635
308
381
727
714
36
212
262
645
233
386
146
297
101
532
78
735
35
500
217
414
541
141
392
777
240
545
138
68
82
589
623
295
508
682
16
569
228
749
443
779
347
597
529
85
512
409
225
167
206
129
771
634
