586
363
272
196
279
276
112
348
505
581
757
702
775
629
677
51
235
74
469
397
230
140
636
517
564
260
162
22
282
575
131
26
251
48
234
333
661
23
25
716
558
327
761
551
723
159
471
754
220
46
94
490
715
511
648
182
284
628
310
258
76
684
219
657
15
747
570
195
611
432
515
379
305
150
588
750
293
298
609
743
577
13
523
756
105
376
647
642
742
694
19
246
326
110
256
410
88
475
473
106
608
483
667
725
47
429
149
524
280
18
593
312
434
421
86
618
44
656
604
332
213
207
430
264
562
130
306
708
350
21
519
547
191
399
413
542
218
314
214
111
527
64
244
619
365
520
204
653
119
767
441
107
774
669
114
535
341
378
209
125
60
266
210
698
294
607
602
552
346
759
451
45
494
403
740
320
227
528
482
457
72
450
340
538
553
369
100
639
268
672
530
374
84
736
330
269
192
427
448
765
54
576
620
247
533
565
34
504
147
498
603
492
287
502
178
686
0
117
103
728
31
372
393
616
596
654
710
245
313
29
638
128
493
396
598
66
380
590
194
127
763
400
351
456
116
39
317
20
584
660
56
484
572
776
691
681
384
402
438
242
70
122
499
595
592
253
407
685
470
265
186
168
278
664
676
336
706
447
741
288
123
554
176
773
488
62
285
77
561
216
169
37
388
626
73
768
202
718
640
495
257
10
748
49
201
307
355
382
57
358
643
109
585
273
151
398
679
411
766
197
395
491
668
58
485
302
143
221
296
118
42
331
745
419
324
55
108
308
418
101
146
532
291
99
727
262
714
594
297
536
381
212
377
582
541
35
59
522
325
217
359
337
68
240
366
545
295
589
777
82
559
290
69
7
529
534
115
569
682
760
749
587
129
362
426
225
512
167
769
409
