142
581
38
334
505
270
363
12
196
586
272
775
702
140
120
164
636
51
677
469
235
772
230
517
260
509
22
162
575
283
751
95
477
234
716
251
333
661
131
282
26
327
159
516
624
601
387
249
46
511
139
220
215
754
715
241
471
490
89
383
684
747
190
657
15
258
219
690
734
305
743
687
693
132
150
689
300
577
274
304
379
523
731
632
742
231
694
642
184
647
246
780
410
318
110
683
475
608
88
177
744
280
67
483
243
606
47
149
524
8
18
180
44
618
207
71
421
434
312
332
656
163
644
339
695
306
264
708
442
547
401
542
709
90
214
440
236
21
191
314
3
435
468
653
373
767
497
344
619
365
107
93
663
263
669
774
223
535
546
155
646
125
153
294
539
680
552
97
45
451
698
14
183
457
450
72
482
568
320
323
227
5
736
672
189
268
544
84
364
340
496
321
510
553
269
704
422
576
765
335
50
192
770
247
154
147
565
412
726
712
287
504
503
728
506
357
0
261
658
178
31
252
478
29
638
371
596
98
625
63
600
710
763
127
590
286
66
171
674
368
181
493
351
170
135
39
396
660
33
188
484
584
572
56
722
158
438
384
670
17
11
253
185
70
595
145
540
717
407
265
676
288
664
278
627
706
123
352
113
137
336
447
271
488
388
561
73
518
626
176
216
405
62
329
169
748
480
640
267
718
202
10
49
730
643
398
307
109
259
382
303
355
299
752
151
585
273
444
80
668
491
197
134
766
411
81
331
108
308
641
143
404
42
324
118
338
678
96
55
99
645
233
594
532
297
291
212
262
375
146
579
714
758
500
377
673
560
104
414
582
217
623
545
621
508
777
559
82
138
226
229
682
779
749
443
69
347
760
529
424
7
16
512
43
634
362
361
129
537
769
