757
692
581
270
775
142
272
586
38
279
112
505
250
230
120
649
474
454
636
469
733
4
416
162
517
573
277
650
558
283
282
716
661
234
333
148
95
575
327
25
26
121
516
187
467
601
46
30
139
471
241
511
220
144
715
648
433
249
219
690
458
89
383
152
436
655
195
15
750
611
309
379
693
743
588
687
298
293
689
274
132
184
694
231
105
642
703
523
756
179
110
608
610
780
475
744
88
92
473
106
87
667
531
67
8
725
243
280
606
729
18
622
71
180
163
166
464
312
445
656
430
618
459
264
452
350
705
161
721
175
413
191
314
399
133
709
21
75
236
542
441
373
64
344
497
238
365
93
91
520
119
107
646
669
394
223
125
378
60
155
546
209
680
346
294
183
254
552
451
14
539
602
210
323
762
568
5
72
403
699
457
165
374
100
672
321
232
364
369
239
340
189
510
755
84
544
576
192
422
770
765
174
335
713
50
6
173
525
147
726
612
565
412
252
652
261
178
605
0
728
476
117
658
710
98
466
28
245
29
128
638
600
200
286
598
127
351
135
396
400
181
171
39
456
170
116
317
17
56
438
670
158
20
389
402
549
662
681
572
691
472
717
70
685
145
407
122
753
319
113
447
554
741
676
186
52
123
664
137
288
336
79
518
216
126
746
37
488
561
285
773
271
77
388
176
202
370
501
136
637
768
10
574
417
675
342
259
614
299
201
643
679
382
358
109
585
398
302
479
134
58
766
491
385
395
668
221
143
42
745
635
108
419
118
324
96
61
296
55
375
146
386
99
727
714
212
579
262
233
532
645
536
414
104
582
325
673
35
500
377
359
138
68
557
545
508
777
580
337
229
301
597
228
569
424
290
16
69
347
443
115
391
634
555
225
537
167
409
206
769
