272
276
702
581
348
112
334
142
692
586
196
775
270
772
230
4
733
416
164
51
567
120
454
277
701
509
517
563
575
131
327
283
48
95
148
333
716
282
661
558
251
25
631
516
486
159
94
241
628
715
182
215
490
30
754
284
471
511
428
458
690
258
630
195
684
655
310
436
432
356
689
577
300
150
203
515
293
298
687
588
611
224
179
376
231
632
647
642
694
83
246
410
608
177
92
318
87
683
106
449
744
47
531
483
455
316
8
67
243
172
729
445
711
166
213
464
27
44
332
71
421
461
180
562
339
452
306
442
556
401
314
542
547
236
399
191
175
214
218
111
204
497
373
520
3
107
64
527
244
653
93
767
263
663
155
546
666
60
114
266
125
439
759
254
294
698
210
680
552
346
367
53
45
457
72
320
528
762
482
566
568
450
269
374
84
538
496
544
268
704
330
239
100
510
736
530
770
576
422
205
765
174
713
437
448
2
498
287
565
198
465
412
712
372
393
103
478
357
31
506
199
686
502
255
98
453
466
371
313
526
625
710
493
351
135
396
66
171
763
380
116
456
368
400
286
181
127
17
33
681
20
513
188
438
722
384
402
222
670
446
592
737
540
407
717
253
354
499
122
278
447
352
664
627
315
554
137
741
706
288
265
79
216
746
773
488
388
176
626
126
518
1
271
62
77
136
640
637
718
267
480
417
353
748
398
151
273
259
307
355
752
675
679
342
201
358
382
766
349
479
302
444
197
385
491
707
338
143
331
324
419
404
418
42
96
678
745
635
61
291
233
375
594
212
36
536
532
360
101
146
386
99
392
560
359
735
141
59
522
377
414
301
559
589
545
621
623
229
82
138
508
85
237
391
779
597
749
587
529
115
24
569
615
206
43
537
225
548
769
362
