196
38
505
692
272
348
363
276
250
334
775
270
757
469
230
40
164
4
235
629
156
416
120
564
507
162
665
277
25
251
751
95
661
48
282
575
234
148
283
716
26
333
420
624
723
696
490
433
30
144
471
94
215
754
182
387
648
249
458
630
310
190
747
657
690
152
195
219
304
577
693
750
689
611
298
300
687
356
734
309
305
764
523
642
105
647
184
703
179
13
19
246
744
87
177
256
475
318
473
683
780
280
483
157
243
667
725
18
47
593
149
464
421
207
604
163
459
622
461
332
312
166
124
721
705
350
442
562
578
21
547
133
218
413
440
399
519
175
111
401
435
653
93
64
344
468
3
373
238
497
204
520
60
535
263
155
666
114
209
646
125
390
346
153
602
183
14
698
759
210
680
451
539
102
450
406
5
699
227
208
403
323
544
496
232
84
189
704
510
369
755
374
659
364
321
100
487
422
65
533
620
50
770
713
427
412
2
503
712
726
565
287
465
393
103
372
357
502
0
31
178
686
728
700
596
654
466
638
255
313
63
28
368
170
181
317
396
127
493
200
171
674
590
116
135
598
194
33
158
549
662
446
389
242
248
484
188
572
20
670
70
185
122
753
737
470
407
592
472
352
52
123
336
186
315
168
676
741
554
137
447
288
329
773
169
746
126
405
518
62
37
561
285
216
626
637
257
501
640
267
10
768
718
574
752
273
109
585
259
358
355
299
201
679
614
342
382
613
479
766
58
395
411
81
444
349
418
641
118
308
324
55
635
221
419
296
96
338
745
375
532
212
386
233
579
360
101
262
714
594
36
99
217
541
35
325
377
392
359
758
673
545
621
508
777
337
366
226
589
82
240
24
115
529
749
424
489
237
462
597
160
587
361
225
583
697
167
634
537
426
