276
112
775
586
272
581
348
702
12
505
38
279
270
567
636
4
230
140
629
677
51
454
474
22
507
415
481
345
282
23
25
751
716
283
95
234
558
48
131
661
575
26
778
761
651
624
511
387
754
144
182
46
94
648
249
220
471
284
258
15
428
219
76
458
195
190
89
690
305
588
304
750
300
689
432
32
203
356
693
609
293
764
642
322
13
694
376
742
179
647
683
246
744
87
473
256
177
88
106
318
92
8
280
149
725
67
429
524
667
531
593
180
213
644
86
166
430
312
71
618
27
464
44
161
708
350
543
442
720
519
401
440
21
399
709
111
236
218
542
214
244
435
3
344
497
204
373
91
767
64
619
441
60
535
546
390
666
663
114
341
439
125
210
53
759
254
451
346
607
97
45
153
552
323
457
566
528
568
423
732
208
406
340
239
330
374
269
364
639
193
659
704
544
268
755
496
247
65
192
335
770
50
154
713
422
173
565
465
603
726
147
503
34
478
357
506
117
103
476
31
393
372
605
371
700
98
616
596
638
128
466
625
135
456
171
39
380
368
194
286
317
181
590
116
396
493
66
681
691
484
188
328
776
248
20
33
521
670
549
389
753
540
145
185
354
472
737
592
717
676
336
168
113
186
664
741
265
554
352
627
52
278
746
77
388
488
329
285
773
216
271
37
405
1
126
281
267
353
49
202
480
417
257
768
109
307
259
585
398
201
303
382
675
355
679
57
273
80
81
613
395
479
408
411
343
491
418
221
308
143
331
745
678
338
635
42
641
118
108
386
727
233
36
714
212
579
360
645
375
146
101
381
560
500
735
325
392
104
414
688
673
295
623
557
366
580
229
589
337
508
301
391
24
597
69
115
682
587
534
160
529
85
362
697
615
167
771
361
409
206
