112
702
270
586
348
505
775
276
272
363
581
334
279
454
164
51
629
567
733
74
416
120
772
563
517
460
345
509
234
327
333
25
26
558
661
148
95
251
477
121
283
282
651
467
514
211
387
94
241
648
433
182
754
511
46
139
471
30
76
684
428
219
15
152
630
655
310
570
298
379
309
132
588
432
577
293
305
693
750
300
32
105
83
756
694
642
13
742
731
184
475
177
87
683
19
608
246
780
744
410
110
157
667
729
531
243
8
483
606
47
524
71
86
180
622
163
207
445
434
464
618
604
332
543
708
562
339
671
306
133
547
519
399
175
21
191
75
236
401
542
204
344
3
91
64
520
619
468
107
244
767
497
114
646
663
209
263
439
390
535
60
774
698
451
294
552
153
45
367
680
759
607
254
762
72
528
403
208
732
450
423
457
364
232
330
268
340
704
369
193
639
736
544
538
374
84
448
437
620
65
713
54
533
427
174
9
498
603
287
565
503
6
2
117
502
658
199
476
506
31
0
728
652
28
654
98
616
700
128
526
596
453
116
135
181
400
286
127
763
171
674
590
351
396
200
493
66
722
513
438
242
549
670
311
56
17
584
572
188
248
319
289
540
70
185
685
145
499
753
113
352
79
664
315
447
676
627
265
168
137
123
278
271
746
169
388
216
488
62
73
561
126
77
176
1
202
257
417
637
281
480
49
748
730
643
614
151
382
355
109
299
303
398
201
752
585
679
668
485
58
766
349
395
707
408
479
118
55
745
42
635
404
418
61
678
296
96
641
221
360
386
212
594
101
727
381
99
146
291
536
714
262
104
377
735
78
141
217
541
35
500
589
295
366
425
777
559
82
240
508
226
587
391
228
779
7
347
682
237
16
443
749
41
129
206
43
225
555
771
769
