270
279
505
334
757
775
142
38
702
196
250
586
363
156
629
51
235
772
74
469
120
733
416
415
564
509
701
738
661
148
48
327
251
121
23
234
26
751
558
282
716
131
723
624
420
601
284
754
139
715
471
490
46
387
241
220
94
144
15
195
657
152
219
630
89
76
655
690
300
298
150
304
132
609
689
515
32
379
356
274
203
642
322
179
523
231
731
703
694
756
19
326
92
608
410
683
780
475
106
473
744
157
47
729
8
429
483
67
280
243
667
421
207
44
431
459
213
644
434
445
163
618
622
708
452
442
721
562
339
519
709
111
175
440
399
719
191
314
542
401
365
497
204
373
520
93
64
619
468
238
767
107
378
663
535
155
209
266
439
546
223
394
45
759
53
451
607
367
210
346
494
294
552
320
457
5
227
762
165
208
566
403
189
330
321
268
553
239
510
340
100
544
269
659
232
374
724
247
65
770
192
427
620
448
765
34
726
173
147
6
503
498
198
117
357
261
393
31
252
728
178
478
658
453
63
526
128
245
371
600
638
654
116
181
674
400
39
135
127
171
396
351
763
493
380
194
66
328
438
670
484
662
20
584
17
158
33
722
188
222
354
499
470
145
319
472
253
70
122
113
664
315
186
123
447
265
554
706
288
137
336
278
73
216
488
746
169
329
561
77
405
126
271
62
388
417
748
370
640
718
267
49
730
768
259
303
299
614
382
151
643
57
201
109
679
675
398
343
81
80
613
707
395
58
411
479
42
308
96
221
418
296
55
338
404
331
118
143
324
532
579
233
99
212
645
727
375
386
146
291
297
381
582
414
392
325
735
35
217
522
78
425
82
623
580
240
226
559
589
301
68
597
391
7
587
424
760
85
24
16
347
569
129
615
225
43
512
771
769
537
