505
586
270
196
702
250
12
692
775
38
112
334
363
140
235
51
636
40
156
469
677
629
567
650
345
277
665
507
661
477
131
333
23
148
575
251
716
234
283
95
327
25
486
631
550
617
511
182
241
648
46
387
628
433
139
30
284
715
436
458
190
383
630
690
657
747
428
570
609
611
304
588
356
298
515
693
150
309
743
274
32
764
632
184
742
703
591
322
105
642
110
326
780
475
19
177
744
683
473
256
92
725
157
455
729
243
280
8
47
149
524
163
430
207
461
332
86
711
27
622
644
434
44
161
695
556
350
562
130
218
547
399
413
175
21
401
90
111
236
542
365
653
344
497
93
527
767
238
204
468
441
373
546
223
439
390
378
209
666
263
669
646
451
153
607
698
294
602
494
210
539
97
552
72
450
227
566
5
568
102
292
762
659
639
239
193
340
100
189
496
268
232
755
84
544
530
205
713
533
487
437
448
154
620
54
34
6
465
503
173
712
726
287
393
658
372
117
502
103
506
652
686
0
28
63
128
98
466
600
638
245
654
127
286
598
135
317
456
200
380
66
39
170
116
194
763
171
328
521
402
33
660
311
188
158
20
776
584
513
56
592
70
499
407
737
685
354
253
289
554
315
278
113
288
352
123
168
52
664
627
265
186
405
285
1
329
488
176
77
271
62
73
216
388
37
768
748
10
281
718
267
136
353
480
201
259
307
358
355
273
342
299
57
109
643
614
398
485
134
80
81
411
349
444
479
343
143
331
404
96
296
641
635
338
42
678
55
324
108
645
36
212
727
101
297
375
714
146
594
262
233
291
78
377
325
582
217
141
35
758
522
138
777
240
589
580
229
557
623
82
295
347
69
779
115
489
424
85
529
569
462
160
537
43
697
615
426
769
167
41
