505
38
581
692
757
112
276
272
142
334
586
196
270
40
636
677
416
567
463
469
629
474
772
517
701
509
277
415
48
26
25
23
282
327
95
716
283
661
751
477
148
251
516
159
550
723
648
30
628
144
387
215
249
511
94
241
433
490
15
76
190
383
458
436
655
690
747
570
274
356
293
298
611
132
305
689
432
379
515
300
577
13
105
231
591
647
694
224
632
742
610
744
449
475
256
683
473
246
177
88
87
606
667
172
429
67
157
280
483
729
455
459
163
71
618
711
86
213
421
461
431
27
656
543
130
695
705
633
442
547
314
75
90
191
413
236
440
133
519
709
107
119
441
653
365
619
238
373
91
93
468
204
266
390
666
155
223
546
774
646
663
114
153
183
45
53
698
552
494
254
759
680
210
227
165
568
72
482
406
423
762
732
704
530
330
321
496
544
239
340
755
369
672
232
268
193
154
65
620
205
533
448
724
422
770
2
504
287
173
34
498
565
612
31
478
605
728
658
506
252
372
686
502
700
616
29
245
313
654
371
453
526
400
396
200
194
286
116
39
368
493
674
590
170
127
135
763
521
662
681
33
549
56
584
670
438
311
776
248
158
470
472
122
540
185
289
11
319
753
741
79
123
664
315
186
352
168
113
676
554
706
265
561
388
62
746
329
169
126
488
626
1
773
285
271
640
748
718
136
267
202
480
353
730
679
342
398
109
307
355
358
382
57
273
303
643
259
668
349
302
343
491
395
58
479
613
96
296
635
108
678
338
331
118
55
61
404
308
418
727
101
532
375
291
146
99
233
297
536
594
360
36
688
414
325
735
35
59
78
582
377
557
425
295
229
580
68
559
301
240
138
779
7
760
391
529
115
534
85
489
682
462
225
697
206
583
409
167
361
555
